-0.08223366
-0.15644726
0.0683783
-0.48023328
-0.40060952
0.13070711
0.20375392
0.0049814573
0.5493685
-0.06186826
-0.5307596
0.42159176
-0.14717503
-0.23781666
-0.17043063
0.03057872
-0.40185857
-0.26041228
0.058407754
0.4650396
0.0721945
0.0057990686
-0.14042173
0.493895
-0.06544662
0.19539322
-0.09318112
0.0035817844
0.17056052
-0.33181795
-0.058931652
-0.39416575
-0.047567513
-0.16996698
0.13363735
-0.3316547
0.046952087
-0.04984494
-0.5467759
-0.1406832
0.24320377
-0.117902696
0.36786863
0.056003675
-0.25628248
-0.34264505
-0.043803286
0.19944957
-0.28249547
0.0940116
-0.48587388
0.02558487
-0.00990801
-0.049360085
0.23164104
-0.2947989
-0.03276707
-0.48853856
-0.26042765
0.024166482
0.07257972
-0.46551618
0.17687474
0.45736623
0.026319453
-0.18730034
0.0834446
-0.074477814
0.5516635
-0.028277459
-0.046001215
0.31539539
0.40660185
0.11194242
0.053236667
-0.79432356
-0.45827985
-0.18034714
-0.13755569
-0.08202676
-0.2695809
0.24537653
0.32913667
-0.014268596
0.0425025
-0.14623648
-0.14940286
0.041006155
0.069844574
0.43689257
-0.04318405
0.11830523
0.14291131
-0.48143548
-0.21751183
-0.16909972
0.16165589
-0.14389133
-0.010562994
0.41209877
-1.5270778
-1.0287827
0.11511984
-0.30816096
0.45300785
0.4434954
-0.22726843
-0.3818232
-0.053819224
0.2324985
0.07576729
0.14606337
-0.7522551
0.32531938
0.05015498
0.36063114
-0.33126163
0.13387659
-0.54898757
0.7929095
0.08569056
-0.0079905
1.472521
0.087859236
-0.048812564
-0.10009881
0.26281637
-1.0956755
-0.111409
-0.15571627
0.21521378
0.099717885
0.21342663
-0.7313654
-0.2218147
-0.30337396
0.0889215
-0.3992561
0.0901696
-0.18791099
0.07047408
0.2591274
-0.024206836
0.18153252
-0.9358682
0.063638754
-1.0002289
0.03960044
-0.31274557
0.015815351
0.39853877
-0.39514264
-0.0014524694
0.034217875
1.8503821
-0.09153144
-0.12184596
0.00095384684
0.65368396
1.0955439
0.106566906
-0.16417365
0.20098092
0.29048184
1.4356652
-0.2636086
0.063568234
0.62748826
0.40678647
-0.22018072
0.038754452
0.059149243
-0.13995638
0.2900549
0.26867446
-0.23064424
-0.368635
-0.15057665
0.914718
0.21241301
-0.2964891
0.050505385
-0.062880404
-0.09340684
0.35982937
0.0097999815
0.7096157
-0.068187214
-0.3042402
0.017851241
-0.8422375
-0.06415709
-0.042738374
-0.06732558
-0.10533809
0.026610544
-0.4905217
0.14142881
-0.11171882
-0.014484482
0.7965552
-0.07962329
0.50887734
-0.523732
-0.034456406
0.16715157
-0.07488404
0.10888618
-0.20117727
0.3920525
0.13454936
-0.0016412843
-0.42790204
0.049834926
-0.12634109
0.3218043
0.008915318
-0.18560961
-0.08651491
-0.0018752948
-0.022761269
-0.11996888
-0.11017971
-0.42943844
-0.034651086
0.111337684
0.09161946
-0.35735106
0.07150862
0.06406358
0.3266167
-0.26170254
0.51594275
-0.17824408
-0.33823106
-0.16014247
0.031184241
0.21844691
-0.037160687
0.13471597
-0.32666284
-0.16408809
-0.8523333
-0.00863562
-0.35936365
-0.112264514
0.25523323
-0.3752453
-0.12961301
0.39898226
-0.1088039
0.082371086
0.08617175
0.04325267
0.33829743
0.6433851
-0.07076558
0.051646795
0.14615327
-0.103329964
0.6983568
-0.021256158
-0.073033445
0.315424
0.6889147
0.23329236
-0.23531547
0.40219635
0.1974757
0.20363763
-0.04880676
-0.15068264
-0.23747896
-0.09808157
0.71670806
0.086650796
-0.31522685
0.021457568
-0.07744886
0.17184904
0.11391195
-0.2573841
-0.08795333
0.0063766767
-0.10692064
0.1892697
-0.32626528
-0.299181
0.0757614
-0.011366145
-0.20784633
-0.047555294
0.07749888
0.0029352303
0.30938956
-0.4312509
0.057946198
0.6096748
-0.8780284
1.6556343
-1.4562653
-0.20794766
0.09198387
0.07555126
0.040693328
-1.022845
-0.008959843
0.29861358
0.040246636
0.05531371
-0.527585
0.68850994
-0.13652273
0.42440066
-0.043497324
0.36691982
0.27628982
-0.19984405
0.26661435
-0.012736391
0.02920933
-0.014797693
-0.18945536
-0.07829655
-0.0012658493
-0.011802819
-0.3599448
-0.27409402
-0.18918121
-0.3503515
0.68410337
0.49983007
-2.016906
-0.3594188
0.017636288
0.18094966
-0.0067640403
-0.3328657
0.40438053
0.19592439
0.013915465
-0.06647859
0.50168604
-0.45973286
-0.08607326
-0.54023045
-0.09090584
0.4141128
0.118718036
-0.02731668
0.41567945
-0.19498514
0.058489982
-0.0659219
-0.21034987
-0.028989654
-0.067688696
0.005636006
-0.07638014
0.5180033
-0.0035952893
-0.13324137
0.55913556
-0.9910817
-1.6455954
-0.29055667
0.09514404
-0.06789087
0.12165498
0.30736446
-0.44282708
0.16903585
0.049720973
-0.26851383
0.12198995
-0.391521
0.1986141
0.5500413
0.021459777
0.62114084
0.22788684
-0.13105427
-0.60959196
0.15593006
-0.02725332
-0.24898109
-0.12631287
1.0530287
-0.03884765
0.36639097
-0.008226514
-0.7656307
-0.2752932
1.083275
-0.53892076
0.08483202
0.6978243
-0.100169435
0.39182985
-0.35759854
-0.5364955
0.13287216
0.00612931
-0.63943446
0.118857235
0.46513894
-1.0130066
1.0314336
0.0789726
0.115466826
-0.5965389
-0.37031752
0.2405914
-0.12842475
0.75194824
-0.28055513
-0.14946222
-0.24978901
0.10902251
0.63006335
0.1564555
0.05821661
-0.30012444
-0.29053622
-0.59457093
-0.8182277
0.067008585
-0.20666201
1.072305
-0.065973245
0.15576674
-0.35391468
-0.8969999
0.009199816
0.10678222
-0.5946837
0.14535066
0.45037782
0.6061446
-0.59382087
0.04142681
0.16468883
-0.752661
-0.6522711
0.14296241
0.10215044
0.8385437
-0.06202158
0.050856806
-0.22326238
0.08978821
0.39388302
-0.039859287
0.082062684
-0.08259208
0.95355123
-0.19908291
-0.81624943
0.4157452
0.07328741
0.60572934
-0.020847337
0.53700334
-0.14009753
-0.2844583
-0.08540469
-0.21884605
-0.04080265
0.14027694
0.36738732
0.1944923
-0.61756444
0.58134943
-0.07717368
-0.30252832
-0.5439531
0.23544565
0.1472441
-1.3271481
0.30637887
0.07691558
-0.01255774
-0.07656407
0.6636636
0.14914061
0.004962748
-0.15785025
-0.37636
0.024440859
0.5065453
1.4651409
-1.1352736
0.23773658
0.33882228
-0.0030332564
-0.16867088
0.40835106
0.4933762
0.08851808
-0.4101741
-0.14528199
0.23765327
-0.3728398
0.45806974
0.03710294
-0.34734842
-0.17491613
0.045708243
0.03151379
-0.11276839
0.2851377
-0.19625556
0.05447834
0.08205681
0.14120898
0.2543382
-0.058855902
-0.07004314
0.36599416
-0.27511626
-0.15105549
-0.28682548
-0.977639
-0.21166274
0.7008051
0.42950043
-0.04813935
-0.23051795
0.13736384
-0.30003962
-0.34044272
-0.25334838
-0.021421364
0.19480185
0.37723556
-0.5267365
-0.0060545197
0.5436676
-0.0465271
0.16700491
0.0016333525
0.053019524
0.3929549
0.087202325
0.030238485
0.12689267
0.12197924
0.13393302
-0.074131705
-0.054123666
-0.030404715
0.547822
0.043677125
0.014787821
-1.127846
0.8510712
0.6602215
0.24898115
0.095707126
-0.056482468
0.25054008
-0.2912194
0.22431676
-0.078271426
-0.04433297
0.327344
0.18219124
-0.22752488
0.34484902
-0.45927402
0.0878172
-0.10854198
0.02521045
0.21986347
-0.5997206
0.006220426
-0.008755141
0.003768044
-0.1007979
-0.48289093
0.6110613
0.036694072
0.0638696
0.0372416
-0.32188216
-0.0638081
-0.3587888
0.36268136
0.0851829
0.10419944
-0.092995994
-0.03541943
0.46836874
-0.18331903
-0.15921243
0.19614255
-0.015528698
0.032360867
-0.24145608
0.21831806
-0.214756
0.113272585
0.06114362
-0.2222571
0.16909465
-0.08792222
-0.14400743
0.55814946
0.033940624
0.07024185
-0.2740816
-0.37119392
-0.003932299
0.043119155
0.056263722
-0.14079131
-0.3621864
-0.25803122
0.25843272
-0.16122922
-0.034479417
0.029707404
0.061586484
0.090798385
0.24783114
0.23849994
0.70871764
0.23726347
-0.011155998
-0.075956
0.19390443
-0.22810997
-0.1512727
-0.29279858
0.022080425
-0.6160519
-0.039494924
0.08918612
0.1578217
-0.6782569
-0.0046145725
-0.0013885492
-0.3349909
-0.27555627
-0.6225282
0.04088222
0.024418702
0.2841515
-0.2664325
0.29803583
0.08577475
-0.26747808
-0.22294265
0.025968727
-0.102026254
-0.040373158
0.25397944
0.08109097
-0.5748338
-0.017553478
0.030149477
-0.29545835
-0.074548095
-0.03781303
-0.009766903
0.17905313
0.050978925
-0.38801503
-0.19635391
0.07183813
-0.0004512902
0.079258464
-0.7131285
0.05906419
-0.14746349
0.20014562
1.1602482
0.049026575
-0.046080884
-0.3280603
-0.5645558
0.3390775
-0.25713092
-0.13766265
-0.16017474
0.093470454
-0.14685051
-0.0791982
0.52841145
-0.11276716
-0.24061137
-0.2958084
0.080928504
0.082608685
-0.39040533
0.2983121
-0.053812187
-0.07357848
0.063402526
0.32520398
0.13988355
-0.03412419
0.05042622
1.4919088
-0.40017664
0.107368276
-0.1642232
-0.011236151
-0.019224264
-0.14598508
0.10946769
-0.3112995
-0.63447714
-0.15488395
0.0543125
-0.17987388
-0.056192562
0.0766234
-0.059148923
-0.1110938
0.09171178
0.029388484
1.0295918
-0.22967502
0.10746727
-0.108839594
0.4301113
-0.25701335
-0.0551245
0.1450491
-0.12611033
0.733819
-0.0010356626
-0.0035495176
0.26063287
-1.3270571
-0.42499763
0.04090158
-0.20862739
0.026235133
-1.0826625
0.04195493
-0.04912018
0.44310382
-0.50572264
0.10210157
0.17366831
0.09500725
-0.012975053
0.040465936
0.0828412
-0.042790323
0.2828157
-0.00056377135
-0.85145646
-0.195506
0.10756824
-0.0823252
0.17076229
-0.20292336
0.3109576
-0.07264356
-0.03199538
0.63932604
-0.08700408
0.091440156
-0.47959432
-0.2771081
0.008104849
-0.022425212
-0.017585495
-0.021223895
0.6672937
0.031002382
-0.18703687
-0.027013395
-0.47327405
-0.1347438
0.5311116
-0.5735496
-0.17443316
-0.038830724
-0.06883172
0.12367409
0.80598706
0.15278699
-0.14173253
-0.03208942
-0.1176965
0.008924974
-0.1492823
0.036031693
-0.06735253
-0.23846668
-0.048599247
-0.051295534
-0.009827735
0.013986644
-0.11737767
0.17356415
0.04817044
0.033770908
-0.021497034
-0.170477
-0.0708635
-0.04755863
0.4281196
-0.15180697
-0.3959244
-0.07811059
-0.31044972
0.07110336
-0.083906524
0.049286667
0.013007769
-0.030423325
0.3447834
-0.021934025
0.2919579
0.044650763
-0.016455447
-0.08123514
0.046027344
-0.25434414
-0.014094907
0.31720027
0.11607063
0.07425653
-0.048673328
-0.019247228
-0.019527677
-0.37976775
0.0092842085
0.053495456
-0.050808057
-0.1848639
-0.60109305
0.01918238
-0.03482723
0.22231582
-0.42398536
0.29732087
-0.324601
0.4357635
0.1213165
0.008138345
-0.06478647
0.041050076
0.3729284
-0.08890532
-0.27875564
-0.13685502
-0.010850546
0.050622
0.12314666
0.06891571
0.14144759
-0.11608727
0.0380707
-0.0006859499
-0.078514226
0.1440815
0.10851839
0.13948481
